solve time: 674.0802447795868

 number of functions evaluations
[10000.0, 10000.0, 10000.0]

 variance
[array([[6.17660741e+03, 2.09985775e+00, 4.12056718e+04, 1.39126520e+02,
        2.30758351e+02, 2.79494962e+02, 7.35252690e+02, 6.79509355e+01,
        5.16729262e+01, 2.52610361e+02],
       [2.09985775e+00, 9.19464767e-04, 1.50988557e+01, 4.55356227e-02,
        7.01276367e-02, 1.06650256e-01, 5.68696417e-01, 1.75751375e-01,
        3.41251466e-02, 1.00343837e-01],
       [4.12056718e+04, 1.50988557e+01, 2.85504014e+05, 8.68316566e+02,
        1.44634657e+03, 1.72858712e+03, 6.71108442e+03, 2.42357359e+03,
        5.00479247e+02, 1.80576682e+03],
       [1.39126520e+02, 4.55356227e-02, 8.68316566e+02, 1.07958999e+01,
        5.27230110e+00, 1.66739183e+01, 1.85264856e+01, 2.63988872e+01,
        1.50747561e+00, 1.00874858e+01],
       [2.30758351e+02, 7.01276367e-02, 1.44634657e+03, 5.27230110e+00,
        3.03668009e+01, 2.32241774e+01, 2.78053099e+01, 3.46092571e+01,
        1.75349585e+00, 1.11037728e+01],
       [2.79494962e+02, 1.06650256e-01, 1.72858712e+03, 1.66739183e+01,
        2.32241774e+01, 1.00441385e+02, 7.28115835e+01, 1.11160753e+02,
        4.68262892e+00, 4.73799769e+01],
       [7.35252690e+02, 5.68696417e-01, 6.71108442e+03, 1.85264856e+01,
        2.78053099e+01, 7.28115835e+01, 2.14569098e+03, 9.49012374e+01,
        6.26798540e+01, 2.66117679e+01],
       [6.79509355e+01, 1.75751375e-01, 2.42357359e+03, 2.63988872e+01,
        3.46092571e+01, 1.11160753e+02, 9.49012374e+01, 5.89842246e+04,
        4.54093267e+02, 1.06610226e+03],
       [5.16729262e+01, 3.41251466e-02, 5.00479247e+02, 1.50747561e+00,
        1.75349585e+00, 4.68262892e+00, 6.26798540e+01, 4.54093267e+02,
        7.47958256e+00, 1.41050269e+01],
       [2.52610361e+02, 1.00343837e-01, 1.80576682e+03, 1.00874858e+01,
        1.11037728e+01, 4.73799769e+01, 2.66117679e+01, 1.06610226e+03,
        1.41050269e+01, 1.36957004e+02]]), array([[9.40940316e+05, 7.46734228e+01, 5.51653631e+03, 1.75153596e+02,
        2.45753145e+02, 4.48636598e+02, 1.24793033e+05, 1.12915154e+05,
        6.82394361e+05, 2.07427228e+06],
       [7.46734228e+01, 2.07320251e-02, 9.47991532e-01, 2.37491735e-02,
        3.38223891e-02, 5.49744493e-02, 1.95162994e+02, 1.56937420e+02,
        7.25348723e+01, 2.49313175e+02],
       [5.51653631e+03, 9.47991532e-01, 8.82030105e+04, 2.21601211e+02,
        4.68019503e+02, 4.17733117e+02, 8.13189401e+03, 5.10549360e+03,
        5.57614550e+04, 2.65749036e+05],
       [1.75153596e+02, 2.37491735e-02, 2.21601211e+02, 3.02391584e+00,
        1.98665467e+00, 5.14033754e+00, 1.33781423e+02, 9.76568922e+01,
        4.81427833e+02, 2.20687687e+03],
       [2.45753145e+02, 3.38223891e-02, 4.68019503e+02, 1.98665467e+00,
        7.67732902e+00, 7.43612095e+00, 1.84191814e+02, 1.23381168e+02,
        7.08460817e+02, 3.47770302e+03],
       [4.48636598e+02, 5.49744493e-02, 4.17733117e+02, 5.14033754e+00,
        7.43612095e+00, 2.78208261e+01, 3.28060688e+02, 1.97445578e+02,
        1.04662482e+03, 4.92577072e+03],
       [1.24793033e+05, 1.95162994e+02, 8.13189401e+03, 1.33781423e+02,
        1.84191814e+02, 3.28060688e+02, 3.60021304e+07, 2.61992031e+06,
        1.30095389e+05, 3.84312691e+06],
       [1.12915154e+05, 1.56937420e+02, 5.10549360e+03, 9.76568922e+01,
        1.23381168e+02, 1.97445578e+02, 2.61992031e+06, 4.39438217e+07,
        1.15415963e+05, 6.64538083e+05],
       [6.82394361e+05, 7.25348723e+01, 5.57614550e+04, 4.81427833e+02,
        7.08460817e+02, 1.04662482e+03, 1.30095389e+05, 1.15415963e+05,
        8.85758343e+05, 2.09954804e+06],
       [2.07427228e+06, 2.49313175e+02, 2.65749036e+05, 2.20687687e+03,
        3.47770302e+03, 4.92577072e+03, 3.84312691e+06, 6.64538083e+05,
        2.09954804e+06, 1.60322506e+07]]), array([[9.65533782e+05, 7.81962847e+01, 4.62671925e-32, 1.77219647e-32,
        4.50891154e-32, 7.22165509e-33, 1.29375339e+05, 1.17415935e+05,
        7.04027960e+05, 2.16006936e+06],
       [7.81962847e+01, 2.21817367e-02, 1.93868000e-36, 9.13151800e-37,
        2.88024461e-36, 3.75029004e-37, 2.03886705e+02, 1.63873141e+02,
        7.69593044e+01, 2.66441479e+02],
       [4.62671925e-32, 1.93868000e-36, 1.40254676e-67, 2.79375513e-68,
        1.84380358e-68, 1.03515616e-68, 1.23954488e-34, 1.00617015e-34,
        3.40473229e-32, 1.22304338e-31],
       [1.77219647e-32, 9.13151800e-37, 2.79375513e-68, 1.87106779e-68,
        8.60228747e-69, 7.28629216e-69, 8.38202150e-35, 3.76683194e-36,
        1.56282710e-32, 5.32466346e-32],
       [4.50891154e-32, 2.88024461e-36, 1.84380358e-68, 8.60228747e-69,
        1.12062675e-67, 4.55492748e-69, 2.47430108e-34, 2.58136974e-35,
        3.50378669e-32, 1.18287206e-31],
       [7.22165509e-33, 3.75029004e-37, 1.03515616e-68, 7.28629216e-69,
        4.55492748e-69, 1.26079749e-68, 1.88421525e-35, 3.17870228e-36,
        9.32694573e-33, 2.76627657e-32],
       [1.29375339e+05, 2.03886705e+02, 1.23954488e-34, 8.38202150e-35,
        2.47430108e-34, 1.88421525e-35, 3.65524735e+07, 2.66138192e+06,
        1.29832160e+05, 3.88686242e+06],
       [1.17415935e+05, 1.63873141e+02, 1.00617015e-34, 3.76683194e-36,
        2.58136974e-35, 3.17870228e-36, 2.66138192e+06, 4.50501224e+07,
        1.15665079e+05, 6.70165791e+05],
       [7.04027960e+05, 7.69593044e+01, 3.40473229e-32, 1.56282710e-32,
        3.50378669e-32, 9.32694573e-33, 1.29832160e+05, 1.15665079e+05,
        8.74399522e+05, 2.09470941e+06],
       [2.16006936e+06, 2.66441479e+02, 1.22304338e-31, 5.32466346e-32,
        1.18287206e-31, 2.76627657e-32, 3.88686242e+06, 6.70165791e+05,
        2.09470941e+06, 1.63826334e+07]])]

 max variance
[285504.01368431933, 43943821.6884633, 45050122.402232245]

 cost matrix
[array([[ 9.35717316e+00, -1.70445095e-01, -2.35410273e+01,
         1.68258681e+00,  2.04841534e+00, -2.08379225e+00,
         3.23485872e+00,  5.98354810e-01, -5.72426656e-01,
        -6.13826616e-02],
       [-1.70445095e-01,  3.42824457e-03,  4.43462979e-01,
        -2.94308729e-02, -3.56503825e-02,  3.78859832e-02,
        -8.13545175e-02, -1.70202204e-02,  1.52932881e-02,
         4.76063686e-03],
       [-2.35410273e+01,  4.43462979e-01,  6.03081387e+01,
        -4.02744269e+00, -4.93027342e+00,  4.91444752e+00,
        -9.20763754e+00, -1.97923385e+00,  1.71561123e+00,
         3.89547681e-01],
       [ 1.68258681e+00, -2.94308729e-02, -4.02744269e+00,
         5.52280541e-01,  4.88416008e-01, -6.58895674e-01,
         6.72091093e-01,  1.85522894e-01, -1.26139038e-01,
        -3.81399605e-02],
       [ 2.04841534e+00, -3.56503825e-02, -4.93027342e+00,
         4.88416008e-01,  8.00878331e-01, -7.66553864e-01,
         8.02413570e-01,  2.07820975e-01, -1.47089669e-01,
        -3.19721836e-02],
       [-2.08379225e+00,  3.78859832e-02,  4.91444752e+00,
        -6.58895674e-01, -7.66553864e-01,  1.22580837e+00,
        -9.80214812e-01, -2.85921692e-01,  1.77013665e-01,
         5.66578883e-02],
       [ 3.23485872e+00, -8.13545175e-02, -9.20763754e+00,
         6.72091093e-01,  8.02413570e-01, -9.80214812e-01,
         4.02126626e+00,  4.00687865e-01, -7.01335878e-01,
        -1.23256454e-01],
       [ 5.98354810e-01, -1.70202204e-02, -1.97923385e+00,
         1.85522894e-01,  2.07820975e-01, -2.85921692e-01,
         4.00687865e-01,  2.74003742e+00, -2.99325732e-01,
        -4.03330955e-01],
       [-5.72426656e-01,  1.52932881e-02,  1.71561123e+00,
        -1.26139038e-01, -1.47089669e-01,  1.77013665e-01,
        -7.01335878e-01, -2.99325732e-01,  1.72130661e-01,
         1.20495158e-01],
       [-6.13826616e-02,  4.76063686e-03,  3.89547681e-01,
        -3.81399605e-02, -3.19721836e-02,  5.66578883e-02,
        -1.23256454e-01, -4.03330955e-01,  1.20495158e-01,
         3.69943638e-01]]), array([[ 6.19201996e+02, -5.99710766e+00,  1.76042075e+01,
        -6.22023964e+00, -7.50515308e+00,  7.29936001e+00,
         1.84589104e+02,  8.79034124e+01,  5.83893040e+02,
         1.28221693e+03],
       [-5.99710766e+00,  9.95130086e-02, -2.24402227e-01,
         7.19562460e-02,  8.78501576e-02, -8.40281060e-02,
        -8.60474478e+00, -3.53207430e+00, -6.01128048e+00,
        -1.49681726e+01],
       [ 1.76042075e+01, -2.24402227e-01,  2.66297044e+01,
        -1.94068987e+00, -2.41791715e+00,  2.36026699e+00,
         1.15545938e+01,  4.85869641e+00,  3.60151293e+01,
         8.91478139e+01],
       [-6.22023964e+00,  7.19562460e-02, -1.94068987e+00,
         3.09382536e-01,  2.82586824e-01, -3.71058224e-01,
        -4.23389605e+00, -1.75178694e+00, -7.93689446e+00,
        -2.00954983e+01],
       [-7.50515308e+00,  8.78501576e-02, -2.41791715e+00,
         2.82586824e-01,  4.49653337e-01, -4.33534082e-01,
        -5.08424868e+00, -2.08829981e+00, -9.62073162e+00,
        -2.43023009e+01],
       [ 7.29936001e+00, -8.40281060e-02,  2.36026699e+00,
        -3.71058224e-01, -4.33534082e-01,  6.65775176e-01,
         4.96327015e+00,  2.09843090e+00,  9.29163733e+00,
         2.33863673e+01],
       [ 1.84589104e+02, -8.60474478e+00,  1.15545938e+01,
        -4.23389605e+00, -5.08424868e+00,  4.96327015e+00,
         3.72385580e+03,  5.35329509e+02,  1.89240998e+02,
         1.56191396e+03],
       [ 8.79034124e+01, -3.53207430e+00,  4.85869641e+00,
        -1.75178694e+00, -2.08829981e+00,  2.09843090e+00,
         5.35329509e+02,  1.23135495e+03,  8.92553206e+01,
         3.10480803e+02],
       [ 5.83893040e+02, -6.01128048e+00,  3.60151293e+01,
        -7.93689446e+00, -9.62073162e+00,  9.29163733e+00,
         1.89240998e+02,  8.92553206e+01,  6.23866432e+02,
         1.30730156e+03],
       [ 1.28221693e+03, -1.49681726e+01,  8.91478139e+01,
        -2.00954983e+01, -2.43023009e+01,  2.33863673e+01,
         1.56191396e+03,  3.10480803e+02,  1.30730156e+03,
         4.22166467e+03]]), array([[ 6.40402836e+02, -6.26222121e+00, -1.28916818e-18,
         2.31676016e-18,  3.89308830e-19, -1.20197621e-18,
         1.93154778e+02,  9.13537746e+01,  5.97866244e+02,
         1.32170103e+03],
       [-6.26222121e+00,  1.04357245e-01,  6.73713546e-21,
        -1.91074378e-20,  4.38453734e-22,  9.03433588e-21,
        -8.85531824e+00, -3.62980440e+00, -6.19789012e+00,
        -1.54968832e+01],
       [-1.28916818e-18,  6.73713546e-21,  1.92118550e-35,
        -4.91370078e-36, -5.11246710e-36,  2.98178411e-36,
        -1.09519396e-19,  1.27863939e-19, -2.71113701e-19,
        -1.57758398e-18],
       [ 2.31676016e-18, -1.91074378e-20, -4.91370078e-36,
         7.76070324e-36,  3.00047831e-36, -2.73514774e-36,
         1.81868646e-19, -6.42688472e-21,  2.00900107e-18,
         4.56681117e-18],
       [ 3.89308830e-19,  4.38453734e-22, -5.11246710e-36,
         3.00047831e-36,  1.69765861e-35, -1.97313221e-36,
         1.64809236e-20,  5.65721677e-20,  2.90521326e-19,
        -5.88885567e-19],
       [-1.20197621e-18,  9.03433588e-21,  2.98178411e-36,
        -2.73514774e-36, -1.97313221e-36,  4.08258259e-36,
        -7.43825013e-20,  2.52693366e-20, -1.39351602e-18,
        -3.20753652e-18],
       [ 1.93154778e+02, -8.85531824e+00, -1.09519396e-19,
         1.81868646e-19,  1.64809236e-20, -7.43825013e-20,
         3.76194135e+03,  5.41023223e+02,  1.92582905e+02,
         1.58805942e+03],
       [ 9.13537746e+01, -3.62980440e+00,  1.27863939e-19,
        -6.42688472e-21,  5.65721677e-20,  2.52693366e-20,
         5.41023223e+02,  1.24864546e+03,  9.03876066e+01,
         3.15940194e+02],
       [ 5.97866244e+02, -6.19789012e+00, -2.71113701e-19,
         2.00900107e-18,  2.90521326e-19, -1.39351602e-18,
         1.92582905e+02,  9.03876066e+01,  6.19365574e+02,
         1.30272807e+03],
       [ 1.32170103e+03, -1.54968832e+01, -1.57758398e-18,
         4.56681117e-18, -5.88885567e-19, -3.20753652e-18,
         1.58805942e+03,  3.15940194e+02,  1.30272807e+03,
         4.23708639e+03]])]
