solve time: 669.0906009674072

 number of functions evaluations
[10000.0, 10000.0, 10000.0]

 variance
[array([[8.97787684e+03, 2.95307341e+00, 5.86135226e+04, 1.80286856e+02,
        3.46425726e+02, 3.10676019e+02, 7.26899352e+02, 3.71231088e+02,
        6.11401372e+01, 5.96467531e+02],
       [2.95307341e+00, 1.24933064e-03, 2.03952107e+01, 5.15091055e-02,
        9.76400332e-02, 9.45965087e-02, 4.88666614e-01, 8.87352985e-01,
        3.90274796e-02, 2.28658517e-01],
       [5.86135226e+04, 2.03952107e+01, 3.90813202e+05, 1.07773598e+03,
        2.18078521e+03, 1.77301954e+03, 6.09132042e+03, 5.32745667e+03,
        5.20620507e+02, 4.10790129e+03],
       [1.80286856e+02, 5.15091055e-02, 1.07773598e+03, 1.62340572e+01,
        6.05865153e+00, 1.96450888e+01, 1.67988478e+01, 2.01942483e+01,
        1.33813571e+00, 8.55004828e+00],
       [3.46425726e+02, 9.76400332e-02, 2.18078521e+03, 6.05865153e+00,
        7.47194593e+01, 2.70118530e+01, 2.45758589e+01, 3.66917961e+01,
        1.68841309e+00, 1.56962042e+01],
       [3.10676019e+02, 9.45965087e-02, 1.77301954e+03, 1.96450888e+01,
        2.70118530e+01, 1.04275973e+02, 3.80936822e+01, 2.23949297e+01,
        2.02069029e+00, 1.30049050e+01],
       [7.26899352e+02, 4.88666614e-01, 6.09132042e+03, 1.67988478e+01,
        2.45758589e+01, 3.80936822e+01, 1.11209443e+03, 5.99245696e+02,
        4.75672571e+01, 5.78956407e+01],
       [3.71231088e+02, 8.87352985e-01, 5.32745667e+03, 2.01942483e+01,
        3.66917961e+01, 2.23949297e+01, 5.99245696e+02, 1.67371963e+04,
        1.50036874e+02, 4.28811773e+02],
       [6.11401372e+01, 3.90274796e-02, 5.20620507e+02, 1.33813571e+00,
        1.68841309e+00, 2.02069029e+00, 4.75672571e+01, 1.50036874e+02,
        5.01328595e+00, 1.15345969e+01],
       [5.96467531e+02, 2.28658517e-01, 4.10790129e+03, 8.55004828e+00,
        1.56962042e+01, 1.30049050e+01, 5.78956407e+01, 4.28811773e+02,
        1.15345969e+01, 3.05270492e+02]]), array([[9.47371208e+05, 7.69125326e+01, 5.91467325e+03, 1.98993720e+02,
        2.44088570e+02, 4.85875709e+02, 1.19796235e+05, 1.02154837e+05,
        6.99354710e+05, 2.04623506e+06],
       [7.69125326e+01, 2.03692879e-02, 9.95713507e-01, 2.88309277e-02,
        3.88633805e-02, 6.26191448e-02, 1.91524308e+02, 1.75084848e+02,
        7.44603247e+01, 2.55611211e+02],
       [5.91467325e+03, 9.95713507e-01, 1.10818368e+05, 4.09779704e+02,
        4.07167310e+02, 9.03075066e+02, 5.17111461e+03, 5.13436149e+03,
        7.35746215e+04, 2.52332071e+05],
       [1.98993720e+02, 2.88309277e-02, 4.09779704e+02, 8.12884710e+00,
        2.45454383e+00, 9.73826672e+00, 1.31924044e+02, 1.01935573e+02,
        6.83473675e+02, 2.51795085e+03],
       [2.44088570e+02, 3.88633805e-02, 4.07167310e+02, 2.45454383e+00,
        1.00432748e+01, 1.29224001e+01, 1.91109897e+02, 1.68427778e+02,
        6.88759411e+02, 3.41179638e+03],
       [4.85875709e+02, 6.26191448e-02, 9.03075066e+02, 9.73826672e+00,
        1.29224001e+01, 5.61686041e+01, 2.83397257e+02, 1.86431477e+02,
        1.46305205e+03, 5.39839204e+03],
       [1.19796235e+05, 1.91524308e+02, 5.17111461e+03, 1.31924044e+02,
        1.91109897e+02, 2.83397257e+02, 3.50722607e+07, 2.86907919e+06,
        1.22660529e+05, 3.82801036e+06],
       [1.02154837e+05, 1.75084848e+02, 5.13436149e+03, 1.01935573e+02,
        1.68427778e+02, 1.86431477e+02, 2.86907919e+06, 6.22057561e+07,
        1.05125953e+05, 7.20210804e+05],
       [6.99354710e+05, 7.44603247e+01, 7.35746215e+04, 6.83473675e+02,
        6.88759411e+02, 1.46305205e+03, 1.22660529e+05, 1.05125953e+05,
        9.36190562e+05, 2.11223241e+06],
       [2.04623506e+06, 2.55611211e+02, 2.52332071e+05, 2.51795085e+03,
        3.41179638e+03, 5.39839204e+03, 3.82801036e+06, 7.20210804e+05,
        2.11223241e+06, 1.61083154e+07]]), array([[9.70551913e+05, 8.07638538e+01, 2.45427973e-32, 1.43013610e-32,
        7.23517338e-32, 6.18290924e-33, 1.23895337e+05, 1.06462301e+05,
        7.18966301e+05, 2.12124496e+06],
       [8.07638538e+01, 2.18836320e-02, 1.54240863e-36, 8.34689298e-37,
        6.11240220e-36, 3.03239153e-37, 1.98541669e+02, 1.83216995e+02,
        7.89382125e+01, 2.70495345e+02],
       [2.45427973e-32, 1.54240863e-36, 2.25628554e-68, 3.94843582e-69,
        9.91288378e-69, 1.44405899e-69, 1.83349008e-34, 6.89837934e-35,
        2.36615696e-32, 7.72275775e-32],
       [1.43013610e-32, 8.34689298e-37, 3.94843582e-69, 2.07169942e-68,
        2.74665835e-68, 1.17471997e-69, 8.67880244e-35, 1.10494673e-35,
        1.37820122e-32, 4.51092064e-32],
       [7.23517338e-32, 6.11240220e-36, 9.91288378e-69, 2.74665835e-68,
        4.89028710e-66, 2.88912814e-69, 6.06405541e-34, 2.33029424e-35,
        1.22048916e-31, 2.43037619e-31],
       [6.18290924e-33, 3.03239153e-37, 1.44405899e-69, 1.17471997e-69,
        2.88912814e-69, 2.12896873e-69, 2.37911640e-35, 3.51054042e-36,
        5.61574504e-33, 1.54740706e-32],
       [1.23895337e+05, 1.98541669e+02, 1.83349008e-34, 8.67880244e-35,
        6.06405541e-34, 2.37911640e-35, 3.55581991e+07, 2.91730224e+06,
        1.22778484e+05, 3.85053684e+06],
       [1.06462301e+05, 1.83216995e+02, 6.89837934e-35, 1.10494673e-35,
        2.33029424e-35, 3.51054042e-36, 2.91730224e+06, 6.35175802e+07,
        1.04767697e+05, 7.26388917e+05],
       [7.18966301e+05, 7.89382125e+01, 2.36615696e-32, 1.37820122e-32,
        1.22048916e-31, 5.61574504e-33, 1.22778484e+05, 1.04767697e+05,
        9.16697385e+05, 2.09835944e+06],
       [2.12124496e+06, 2.70495345e+02, 7.72275775e-32, 4.51092064e-32,
        2.43037619e-31, 1.54740706e-32, 3.85053684e+06, 7.26388917e+05,
        2.09835944e+06, 1.65741878e+07]])]

 max variance
[390813.2024663371, 62205756.08130657, 63517580.19202741]

 cost matrix
[array([[ 1.17735781e+01, -2.10220758e-01, -2.94723926e+01,
         1.95333606e+00,  2.41125170e+00, -2.26625870e+00,
         3.36062134e+00,  9.48364459e-01, -5.51334707e-01,
         1.66257553e-01],
       [-2.10220758e-01,  4.10147655e-03,  5.40285271e-01,
        -3.33476405e-02, -4.12670184e-02,  3.91809820e-02,
        -7.89840326e-02, -3.01738327e-02,  1.46804689e-02,
         1.06736615e-03],
       [-2.94723926e+01,  5.40285271e-01,  7.47014885e+01,
        -4.66157427e+00, -5.82243215e+00,  5.28202097e+00,
        -9.26611177e+00, -2.90577005e+00,  1.61045413e+00,
        -1.95356916e-01],
       [ 1.95333606e+00, -3.33476405e-02, -4.66157427e+00,
         6.17939616e-01,  5.18244945e-01, -7.07056947e-01,
         6.86979013e-01,  2.13995817e-01, -1.22124507e-01,
        -7.71769150e-04],
       [ 2.41125170e+00, -4.12670184e-02, -5.82243215e+00,
         5.18244945e-01,  9.41204577e-01, -7.91831164e-01,
         7.93929408e-01,  2.86573126e-01, -1.43827037e-01,
        -1.12244805e-02],
       [-2.26625870e+00,  3.91809820e-02,  5.28202097e+00,
        -7.07056947e-01, -7.91831164e-01,  1.25198022e+00,
        -8.97501589e-01, -2.61522959e-01,  1.48792219e-01,
        -2.73255728e-02],
       [ 3.36062134e+00, -7.89840326e-02, -9.26611177e+00,
         6.86979013e-01,  7.93929408e-01, -8.97501589e-01,
         3.25426093e+00,  7.44113888e-01, -6.12647690e-01,
        -1.39738267e-01],
       [ 9.48364459e-01, -3.01738327e-02, -2.90577005e+00,
         2.13995817e-01,  2.86573126e-01, -2.61522959e-01,
         7.44113888e-01,  2.53340165e+00, -3.06323999e-01,
        -3.83975511e-01],
       [-5.51334707e-01,  1.46804689e-02,  1.61045413e+00,
        -1.22124507e-01, -1.43827037e-01,  1.48792219e-01,
        -6.12647690e-01, -3.06323999e-01,  1.65095244e-01,
         1.52813808e-01],
       [ 1.66257553e-01,  1.06736615e-03, -1.95356916e-01,
        -7.71769150e-04, -1.12244805e-02, -2.73255728e-02,
        -1.39738267e-01, -3.83975511e-01,  1.52813808e-01,
         6.11330527e-01]]), array([[ 6.11166778e+02, -5.95242094e+00,  1.70891380e+01,
        -6.16778158e+00, -7.17980841e+00,  7.21184779e+00,
         1.79790415e+02,  8.71419229e+01,  5.78872292e+02,
         1.25770715e+03],
       [-5.95242094e+00,  9.84029505e-02, -2.17607699e-01,
         7.28842507e-02,  8.58445871e-02, -8.37726459e-02,
        -8.47134763e+00, -3.83184736e+00, -5.96634672e+00,
        -1.48347076e+01],
       [ 1.70891380e+01, -2.17607699e-01,  2.90832608e+01,
        -2.15932690e+00, -2.40884452e+00,  2.60876169e+00,
         9.85663390e+00,  5.84332501e+00,  3.74784495e+01,
         8.88319964e+01],
       [-6.16778158e+00,  7.28842507e-02, -2.15932690e+00,
         3.51583003e-01,  2.82567670e-01, -4.09572537e-01,
        -4.12351338e+00, -1.98594719e+00, -8.06175319e+00,
        -1.99696161e+01],
       [-7.17980841e+00,  8.58445871e-02, -2.40884452e+00,
         2.82567670e-01,  4.51016616e-01, -4.48612785e-01,
        -4.93154794e+00, -2.37579951e+00, -9.31113663e+00,
        -2.36143431e+01],
       [ 7.21184779e+00, -8.37726459e-02,  2.60876169e+00,
        -4.09572537e-01, -4.48612785e-01,  7.42457254e-01,
         4.67422295e+00,  2.17541849e+00,  9.44284022e+00,
         2.31831996e+01],
       [ 1.79790415e+02, -8.47134763e+00,  9.85663390e+00,
        -4.12351338e+00, -4.93154794e+00,  4.67422295e+00,
         3.66928246e+03,  5.68647153e+02,  1.82890227e+02,
         1.55117909e+03],
       [ 8.71419229e+01, -3.83184736e+00,  5.84332501e+00,
        -1.98594719e+00, -2.37579951e+00,  2.17541849e+00,
         5.68647153e+02,  1.53374444e+03,  8.88726614e+01,
         3.27914769e+02],
       [ 5.78872292e+02, -5.96634672e+00,  3.74784495e+01,
        -8.06175319e+00, -9.31113663e+00,  9.44284022e+00,
         1.82890227e+02,  8.88726614e+01,  6.23849331e+02,
         1.29147998e+03],
       [ 1.25770715e+03, -1.48347076e+01,  8.88319964e+01,
        -1.99696161e+01, -2.36143431e+01,  2.31831996e+01,
         1.55117909e+03,  3.27914769e+02,  1.29147998e+03,
         4.18640695e+03]]), array([[ 6.31616918e+02, -6.21099352e+00,  3.04437829e-18,
        -3.09304609e-19,  2.62092965e-18,  7.00553080e-19,
         1.87747012e+02,  9.07396419e+01,  5.92555310e+02,
         1.29649157e+03],
       [-6.21099352e+00,  1.03089513e-01, -1.11121836e-20,
         4.48720921e-21, -3.15951619e-20, -4.44576494e-21,
        -8.69041810e+00, -3.94173518e+00, -6.15098244e+00,
        -1.53313198e+01],
       [ 3.04437829e-18, -1.11121836e-20,  1.19581504e-35,
        -2.50410154e-36, -2.90022321e-36,  1.86759133e-36,
         6.49082425e-20,  6.98827989e-20,  2.58061053e-18,
         7.23530819e-18],
       [-3.09304609e-19,  4.48720921e-21, -2.50410154e-36,
         6.71833280e-36,  3.39898094e-36, -1.30064692e-36,
        -1.05409701e-19,  4.59381061e-20, -3.02255561e-19,
        -8.87552595e-20],
       [ 2.62092965e-18, -3.15951619e-20, -2.90022321e-36,
         3.39898094e-36,  3.30309643e-35, -1.43973060e-36,
         3.88345366e-19,  6.36601756e-20,  3.98450599e-18,
         4.81822054e-18],
       [ 7.00553080e-19, -4.44576494e-21,  1.86759133e-36,
        -1.30064692e-36, -1.43973060e-36,  2.72156728e-36,
         6.50274297e-20,  1.11701830e-21,  9.36748853e-19,
         1.59558506e-18],
       [ 1.87747012e+02, -8.69041810e+00,  6.49082425e-20,
        -1.05409701e-19,  3.88345366e-19,  6.50274297e-20,
         3.70200431e+03,  5.75260749e+02,  1.86442039e+02,
         1.57506384e+03],
       [ 9.07396419e+01, -3.94173518e+00,  6.98827989e-20,
         4.59381061e-20,  6.36601756e-20,  1.11701830e-21,
         5.75260749e+02,  1.55389315e+03,  8.97098595e+01,
         3.33412302e+02],
       [ 5.92555310e+02, -6.15098244e+00,  2.58061053e-18,
        -3.02255561e-19,  3.98450599e-18,  9.36748853e-19,
         1.86442039e+02,  8.97098595e+01,  6.18253740e+02,
         1.28650306e+03],
       [ 1.29649157e+03, -1.53313198e+01,  7.23530819e-18,
        -8.87552595e-20,  4.81822054e-18,  1.59558506e-18,
         1.57506384e+03,  3.33412302e+02,  1.28650306e+03,
         4.20530160e+03]])]
