solve time: 1.4580142498016357

 number of processors: 8

 number of functions evaluations
[6.0, 9.0, 9.0]

 variance
[array([[1.00429396e+07, 1.14288339e+03, 2.44882307e+06, 3.06952091e+03,
        1.06894115e+03, 3.00428141e+02, 3.49793119e-02, 1.86472218e+04,
        1.09372922e+06, 9.83754080e+06],
       [1.14288339e+03, 1.69315508e-01, 2.88085618e+02, 2.76273332e-01,
        1.88302554e-01, 4.51797043e-02, 8.12472656e-06, 4.72894633e+00,
        1.13820866e+02, 1.67212958e+03],
       [2.44882307e+06, 2.88085618e+02, 1.83581676e+05, 5.11521795e+02,
        1.86168540e+02, 3.49600446e+02, 1.36992557e-01, 7.79867327e+03,
        6.48951250e+05, 7.86283410e+06],
       [3.06952091e+03, 2.76273332e-01, 5.11521795e+02, 8.88149749e-01,
        2.32671543e-01, 4.59946823e-01, 1.89591712e-04, 5.82902946e-01,
        8.32739283e+02, 7.74497242e+03],
       [1.06894115e+03, 1.88302554e-01, 1.86168540e+02, 2.32671543e-01,
        6.07059824e-01, 8.48509682e-01, 2.95941333e-04, 4.87068700e-01,
        3.94923244e+02, 8.98948675e+03],
       [3.00428141e+02, 4.51797043e-02, 3.49600446e+02, 4.59946823e-01,
        8.48509682e-01, 1.89146728e+00, 4.85923285e-04, 2.79207063e-01,
        4.14764192e+02, 7.52859657e+03],
       [3.49793119e-02, 8.12472656e-06, 1.36992557e-01, 1.89591712e-04,
        2.95941333e-04, 4.85923285e-04, 1.68035656e-07, 3.60665569e-04,
        8.94686977e-02, 2.03158054e+00],
       [1.86472218e+04, 4.72894633e+00, 7.79867327e+03, 5.82902946e-01,
        4.87068700e-01, 2.79207063e-01, 3.60665569e-04, 2.17497206e+02,
        6.23624171e+02, 2.06161284e+04],
       [1.09372922e+06, 1.13820866e+02, 6.48951250e+05, 8.32739283e+02,
        3.94923244e+02, 4.14764192e+02, 8.94686977e-02, 6.23624171e+02,
        1.06988687e+05, 8.01887200e+05],
       [9.83754080e+06, 1.67212958e+03, 7.86283410e+06, 7.74497242e+03,
        8.98948675e+03, 7.52859657e+03, 2.03158054e+00, 2.06161284e+04,
        8.01887200e+05, 2.02292086e+07]]), array([[1.47562536e-01, 2.23713118e-06, 1.30248183e+02, 1.74107407e-01,
        2.45610846e-01, 2.98355910e-01, 1.01659482e-04, 8.64997956e-02,
        8.54208454e+01, 2.28755057e+03],
       [2.23713118e-06, 3.52222651e-11, 2.20696010e-03, 2.49938802e-06,
        3.92984126e-06, 5.52424156e-06, 1.78768678e-09, 1.14140211e-06,
        1.34244246e-03, 3.32401324e-02],
       [1.30248183e+02, 2.20696010e-03, 2.81564238e+06, 3.57708119e+02,
        3.84193858e+03, 8.79074328e+02, 1.56775629e-01, 8.44225460e+01,
        1.77873307e+06, 6.39541585e+06],
       [1.74107407e-01, 2.49938802e-06, 3.57708119e+02, 6.51582912e-01,
        2.46375374e-01, 4.99431018e-01, 1.33568678e-04, 5.41460381e-02,
        2.84697487e+02, 2.01843500e+03],
       [2.45610846e-01, 3.92984126e-06, 3.84193858e+03, 2.46375374e-01,
        7.96624729e+00, 1.03537431e+00, 2.95326329e-04, 1.40633427e-01,
        2.37658093e+03, 1.37087163e+04],
       [2.98355910e-01, 5.52424156e-06, 8.79074328e+02, 4.99431018e-01,
        1.03537431e+00, 2.59227930e+00, 3.35833949e-04, 4.38606587e-02,
        3.47583884e+02, 3.77478249e+03],
       [1.01659482e-04, 1.78768678e-09, 1.56775629e-01, 1.33568678e-04,
        2.95326329e-04, 3.35833949e-04, 1.08317072e-07, 2.34137823e-07,
        8.81791528e-02, 1.45995363e+00],
       [8.64997956e-02, 1.14140211e-06, 8.44225460e+01, 5.41460381e-02,
        1.40633427e-01, 4.38606587e-02, 2.34137823e-07, 7.05999205e-02,
        5.59975838e+01, 1.74196630e+03],
       [8.54208454e+01, 1.34244246e-03, 1.77873307e+06, 2.84697487e+02,
        2.37658093e+03, 3.47583884e+02, 8.81791528e-02, 5.59975838e+01,
        1.14250075e+06, 4.03104158e+06],
       [2.28755057e+03, 3.32401324e-02, 6.39541585e+06, 2.01843500e+03,
        1.37087163e+04, 3.77478249e+03, 1.45995363e+00, 1.74196630e+03,
        4.03104158e+06, 5.68420804e+07]]), array([[9.99878964e+06, 4.84268473e+02, 4.71360718e-14, 2.60638795e-13,
        8.34742448e-15, 2.19548497e-15, 6.18524232e-03, 5.89298456e+04,
        5.44775110e+06, 8.47749431e+07],
       [4.84268473e+02, 3.93830383e-02, 1.07335828e-18, 5.93513198e-18,
        1.90083240e-19, 4.99944489e-20, 7.37199534e-07, 7.02014200e+00,
        2.25775026e+02, 6.36052781e+03],
       [4.71360718e-14, 1.07335828e-18, 3.01382155e-34, 1.66649190e-33,
        5.33723893e-35, 1.40376567e-35, 1.50602230e-31, 1.12109616e-22,
        2.88268520e-14, 1.30111637e-13],
       [2.60638795e-13, 5.93513198e-18, 1.66649190e-33, 9.21486292e-33,
        2.95122498e-34, 7.76211887e-35, 8.32713723e-31, 6.19909198e-22,
        1.59398008e-13, 7.19451985e-13],
       [8.34742448e-15, 1.90083240e-19, 5.33723893e-35, 2.95122498e-34,
        9.45182685e-36, 2.48595766e-36, 2.66751389e-32, 1.98537979e-23,
        5.10500686e-15, 2.30417391e-14],
       [2.19548497e-15, 4.99944489e-20, 1.40376567e-35, 7.76211887e-35,
        2.48595766e-36, 6.53840321e-37, 7.01288624e-33, 5.22176775e-24,
        1.34268550e-15, 6.06028744e-15],
       [6.18524232e-03, 7.37199534e-07, 1.50602230e-31, 8.32713723e-31,
        2.66751389e-32, 7.01288624e-33, 1.67065817e-11, 1.57843478e-04,
        2.44417584e-03, 9.10626999e-02],
       [5.89298456e+04, 7.02014200e+00, 1.12109616e-22, 6.19909198e-22,
        1.98537979e-23, 5.22176775e-24, 1.57843478e-04, 1.48817407e+03,
        2.32884465e+04, 8.67566015e+05],
       [5.44775110e+06, 2.25775026e+02, 2.88268520e-14, 1.59398008e-13,
        5.10500686e-15, 1.34268550e-15, 2.44417584e-03, 2.32884465e+04,
        3.06847735e+06, 3.89652017e+07],
       [8.47749431e+07, 6.36052781e+03, 1.30111637e-13, 7.19451985e-13,
        2.30417391e-14, 6.06028744e-15, 9.10626999e-02, 8.67566015e+05,
        3.89652017e+07, 1.25784935e+09]])]

 max variance
[20229208.602014255, 56842080.41594084, 1257849352.4433303]

 cost matrix
[array([[ 2.49992329e+03, -2.99711465e+01, -1.29820601e+03,
         3.15065381e+01,  2.14817997e+01, -1.19097352e+01,
         1.07269994e-01, -5.65401806e+01,  7.18424797e+02,
         2.66572839e+03],
       [-2.99711465e+01,  3.78255236e-01,  1.62365109e+01,
        -3.48864927e-01, -2.92432553e-01,  1.68943093e-01,
        -1.68655221e-03,  8.95437907e-01, -7.97912991e+00,
        -3.32726300e+01],
       [-1.29820601e+03,  1.62365109e+01,  1.07827554e+03,
        -2.97485175e+01, -2.55233976e+01,  2.64782085e+01,
        -2.28071634e-01,  2.84122821e+01, -7.43657860e+01,
        -3.70334672e+02],
       [ 3.15065381e+01, -3.48864927e-01, -2.97485175e+01,
         1.01082053e+00,  7.41608603e-01, -8.38360579e-01,
         6.54115680e-03,  1.30475198e-01, -7.66146277e-01,
        -8.03560209e+00],
       [ 2.14817997e+01, -2.92432553e-01, -2.55233976e+01,
         7.41608603e-01,  8.92126370e-01, -9.68694199e-01,
         8.45509531e-03, -8.30568991e-02, -4.05389261e+00,
        -6.66846804e+00],
       [-1.19097352e+01,  1.68943093e-01,  2.64782085e+01,
        -8.38360579e-01, -9.68694199e-01,  1.24378379e+00,
        -9.70085090e-03, -1.80473978e-01,  1.05111146e+01,
         3.41090720e+01],
       [ 1.07269994e-01, -1.68655221e-03, -2.28071634e-01,
         6.54115680e-03,  8.45509531e-03, -9.70085090e-03,
         1.82058058e-04, -7.59245127e-03, -9.68780983e-02,
        -4.11068960e-01],
       [-5.65401806e+01,  8.95437907e-01,  2.84122821e+01,
         1.30475198e-01, -8.30568991e-02, -1.80473978e-01,
        -7.59245127e-03,  6.31005249e+00, -1.55287604e+01,
        -7.83366920e+01],
       [ 7.18424797e+02, -7.97912991e+00, -7.43657860e+01,
        -7.66146277e-01, -4.05389261e+00,  1.05111146e+01,
        -9.68780983e-02, -1.55287604e+01,  4.38154339e+02,
         1.52266920e+03],
       [ 2.66572839e+03, -3.32726300e+01, -3.70334672e+02,
        -8.03560209e+00, -6.66846804e+00,  3.41090720e+01,
        -4.11068960e-01, -7.83366920e+01,  1.52266920e+03,
         6.25148389e+03]]), array([[ 3.40657593e-01, -1.31235815e-03,  1.81506865e+01,
        -4.53354916e-01, -5.64501446e-01,  4.77747572e-01,
        -3.97624785e-03, -1.43364712e-01,  1.44415844e+01,
         4.92469824e+01],
       [-1.31235815e-03,  5.16806113e-06, -7.22264956e-02,
         1.71741599e-03,  2.29163893e-03, -2.00278467e-03,
         1.65327218e-05,  5.35039995e-04, -5.66057041e-02,
        -1.91456039e-01],
       [ 1.81506865e+01, -7.22264956e-02,  1.80996762e+03,
        -2.83833712e+01, -5.20997151e+01,  3.18612773e+01,
        -2.05757127e-01, -6.38273551e+00,  1.41191776e+03,
         3.86397436e+03],
       [-4.53354916e-01,  1.71741599e-03, -2.83833712e+01,
         7.47043071e-01,  7.46629379e-01, -6.86551055e-01,
         4.56550695e-03,  1.51461611e-01, -2.29417974e+01,
        -6.64882974e+01],
       [-5.64501446e-01,  2.29163893e-03, -5.20997151e+01,
         7.46629379e-01,  1.84683489e+00, -1.01454840e+00,
         8.92617418e-03,  1.96509082e-01, -4.01629213e+01,
        -1.13495589e+02],
       [ 4.77747572e-01, -2.00278467e-03,  3.18612773e+01,
        -6.86551055e-01, -1.01454840e+00,  1.08412307e+00,
        -7.01055775e-03, -1.26276484e-01,  2.33589837e+01,
         6.92408416e+01],
       [-3.97624785e-03,  1.65327218e-05, -2.05757127e-01,
         4.56550695e-03,  8.92617418e-03, -7.01055775e-03,
         1.24787458e-04,  2.07307558e-04, -1.56120068e-01,
        -5.85195484e-01],
       [-1.43364712e-01,  5.35039995e-04, -6.38273551e+00,
         1.51461611e-01,  1.96509082e-01, -1.26276484e-01,
         2.07307558e-04,  1.13624314e-01, -5.27355091e+00,
        -2.18516980e+01],
       [ 1.44415844e+01, -5.66057041e-02,  1.41191776e+03,
        -2.29417974e+01, -4.01629213e+01,  2.33589837e+01,
        -1.56120068e-01, -5.27355091e+00,  1.11491455e+03,
         3.03921028e+03],
       [ 4.92469824e+01, -1.91456039e-01,  3.86397436e+03,
        -6.64882974e+01, -1.13495589e+02,  6.92408416e+01,
        -5.85195484e-01, -2.18516980e+01,  3.03921028e+03,
         1.04036029e+04]]), array([[ 2.01491326e+03, -1.45441923e+01, -7.23694777e-08,
        -1.70175986e-07, -3.04547467e-08,  1.56186677e-08,
         2.92256308e-02,  8.27336585e+01,  1.43102047e+03,
         5.95741024e+03],
       [-1.45441923e+01,  1.17607545e-01,  3.45343352e-10,
         8.12070887e-10,  1.45328449e-10, -7.45314665e-11,
        -3.10530325e-04, -8.97533184e-01, -1.00049913e+01,
        -4.79232427e+01],
       [-7.23694777e-08,  3.45343352e-10,  5.78678720e-18,
         1.36075628e-17,  2.43521364e-18, -1.24889536e-18,
        -1.29359067e-16, -3.52939470e-12, -5.65949075e-08,
        -1.20236636e-07],
       [-1.70175986e-07,  8.12070887e-10,  1.36075628e-17,
         3.19980258e-17,  5.72637657e-18, -2.93676293e-18,
        -3.04246219e-16, -8.29936550e-12, -1.33082267e-07,
        -2.82735053e-07],
       [-3.04547467e-08,  1.45328449e-10,  2.43521364e-18,
         5.72637657e-18,  1.02479412e-18, -5.25564000e-19,
        -5.43991914e-17, -1.48522857e-12, -2.38164434e-08,
        -5.05983515e-08],
       [ 1.56186677e-08, -7.45314665e-11, -1.24889536e-18,
        -2.93676293e-18, -5.25564000e-19,  2.69534644e-19,
         2.79469081e-17,  7.61725244e-13,  1.22142246e-08,
         2.59492832e-08],
       [ 2.92256308e-02, -3.10530325e-04, -1.29359067e-16,
        -3.04246219e-16, -5.43991914e-17,  2.79469081e-17,
         1.38260400e-06,  4.19936471e-03,  1.85033896e-02,
         1.13033690e-01],
       [ 8.27336585e+01, -8.97533184e-01, -3.52939470e-12,
        -8.29936550e-12, -1.48522857e-12,  7.61725244e-13,
         4.19936471e-03,  1.28655135e+01,  5.20975290e+01,
         3.17887885e+02],
       [ 1.43102047e+03, -1.00049913e+01, -5.65949075e-08,
        -1.33082267e-07, -2.38164434e-08,  1.22142246e-08,
         1.85033896e-02,  5.20975290e+01,  1.02531782e+03,
         4.08197565e+03],
       [ 5.95741024e+03, -4.79232427e+01, -1.20236636e-07,
        -2.82735053e-07, -5.05983515e-08,  2.59492832e-08,
         1.13033690e-01,  3.17887885e+02,  4.08197565e+03,
         2.03998607e+04]])]

 number of difficult parameters
1

 difficult parameters
[array([-0.92128803, -0.31086921,  0.22721205, -0.22012636,  0.67971874,
       -0.78005703,  0.31246681, -0.18613944,  0.2751391 ,  0.81612202])]
