solve time: 991.8917241096497

 number of functions evaluations
[10000.0, 10000.0, 10000.0]

 variance
[array([[2.57440170e+05, 7.59292881e+01, 1.74906558e+05, 1.17107813e+02,
        1.74175048e+02, 3.14733480e+02, 2.32839673e+05, 2.94261111e+04,
        1.19812908e+04, 6.03328479e+04],
       [7.59292881e+01, 5.64449616e-02, 7.50606659e+01, 3.43228698e-02,
        4.83629529e-02, 1.04329480e-01, 2.77845782e+02, 2.47149329e+02,
        1.29534983e+01, 2.59606460e+01],
       [1.74906558e+05, 7.50606659e+01, 4.94550515e+05, 2.02867515e+02,
        2.66394037e+02, 4.55292942e+02, 3.83358654e+06, 8.06637174e+06,
        1.86353859e+05, 2.15706996e+05],
       [1.17107813e+02, 3.43228698e-02, 2.02867515e+02, 1.26368204e+00,
        5.58736661e-01, 1.56353632e+00, 1.03747164e+03, 7.10506779e+03,
        9.52386530e+01, 1.64719033e+02],
       [1.74175048e+02, 4.83629529e-02, 2.66394037e+02, 5.58736661e-01,
        6.77533987e+00, 2.22192257e+00, 1.29347610e+03, 1.06216122e+04,
        1.27157056e+02, 2.07856655e+02],
       [3.14733480e+02, 1.04329480e-01, 4.55292942e+02, 1.56353632e+00,
        2.22192257e+00, 9.42349723e+00, 3.13955087e+03, 7.49852892e+03,
        1.70743633e+02, 1.88796068e+02],
       [2.32839673e+05, 2.77845782e+02, 3.83358654e+06, 1.03747164e+03,
        1.29347610e+03, 3.13955087e+03, 6.59345745e+07, 1.09817630e+07,
        2.12761628e+06, 4.67740595e+05],
       [2.94261111e+04, 2.47149329e+02, 8.06637174e+06, 7.10506779e+03,
        1.06216122e+04, 7.49852892e+03, 1.09817630e+07, 5.55113475e+08,
        5.33226973e+06, 1.01310505e+07],
       [1.19812908e+04, 1.29534983e+01, 1.86353859e+05, 9.52386530e+01,
        1.27157056e+02, 1.70743633e+02, 2.12761628e+06, 5.33226973e+06,
        1.35091762e+05, 1.06540311e+05],
       [6.03328479e+04, 2.59606460e+01, 2.15706996e+05, 1.64719033e+02,
        2.07856655e+02, 1.88796068e+02, 4.67740595e+05, 1.01310505e+07,
        1.06540311e+05, 3.64834061e+05]]), array([[5.42931861e-01, 3.46228875e-05, 1.12046371e+02, 2.29757240e-01,
        2.96435960e-01, 1.19584824e+00, 2.31970272e+01, 1.53951730e+01,
        1.59201720e+02, 6.88128678e+02],
       [3.46228875e-05, 1.05494071e-06, 3.60967441e-02, 2.14709484e-04,
        2.61097889e-04, 4.67414339e-04, 3.09958465e+00, 2.52689390e+00,
        3.93660303e-02, 6.94839830e-01],
       [1.12046371e+02, 3.60967441e-02, 2.37005542e+06, 5.49586776e+02,
        7.63669181e+02, 1.48936392e+03, 1.70726373e+05, 1.51301679e+05,
        1.11006207e+06, 3.39259284e+06],
       [2.29757240e-01, 2.14709484e-04, 5.49586776e+02, 1.29772145e+00,
        7.25648010e-01, 3.67240662e+00, 8.54218773e+02, 7.04257976e+02,
        4.30428724e+02, 1.70224037e+03],
       [2.96435960e-01, 2.61097889e-04, 7.63669181e+02, 7.25648010e-01,
        2.41594078e+00, 4.14476635e+00, 1.16266601e+03, 8.72550332e+02,
        5.94045678e+02, 2.21131825e+03],
       [1.19584824e+00, 4.67414339e-04, 1.48936392e+03, 3.67240662e+00,
        4.14476635e+00, 2.57240914e+01, 1.85778765e+03, 1.17052992e+03,
        1.13450656e+03, 4.45259597e+03],
       [2.31970272e+01, 3.09958465e+00, 1.70726373e+05, 8.54218773e+02,
        1.16266601e+03, 1.85778765e+03, 3.77236238e+07, 3.25640558e+06,
        1.20724904e+05, 4.41700539e+06],
       [1.53951730e+01, 2.52689390e+00, 1.51301679e+05, 7.04257976e+02,
        8.72550332e+02, 1.17052992e+03, 3.25640558e+06, 6.85589264e+07,
        1.02576591e+05, 7.63189690e+05],
       [1.59201720e+02, 3.93660303e-02, 1.11006207e+06, 4.30428724e+02,
        5.94045678e+02, 1.13450656e+03, 1.20724904e+05, 1.02576591e+05,
        1.01074477e+06, 2.43441688e+06],
       [6.88128678e+02, 6.94839830e-01, 3.39259284e+06, 1.70224037e+03,
        2.21131825e+03, 4.45259597e+03, 4.41700539e+06, 7.63189690e+05,
        2.43441688e+06, 2.12212782e+07]]), array([[3.98605003e+05, 4.01041374e+01, 1.32590412e-34, 5.46103609e-35,
        7.44351345e-35, 5.58130540e-35, 9.86796214e+04, 4.68688185e+04,
        3.29236352e+05, 5.58147884e+06],
       [4.01041374e+01, 1.10947769e-02, 8.39776452e-39, 3.23559841e-39,
        4.52940090e-39, 4.18620217e-39, 1.40153766e+02, 8.92490130e+01,
        3.88198959e+01, 9.30468912e+02],
       [1.32590412e-34, 8.39776452e-39, 5.41605478e-73, 8.56659677e-74,
        1.98856928e-72, 6.45387374e-74, 6.12228338e-35, 9.28087907e-36,
        1.01439649e-34, 9.69132522e-34],
       [5.46103609e-35, 3.23559841e-39, 8.56659677e-74, 8.19932565e-74,
        7.01800247e-73, 2.16577931e-74, 2.99639452e-35, 2.68646670e-36,
        5.01963705e-35, 5.91998883e-34],
       [7.44351345e-35, 4.52940090e-39, 1.98856928e-72, 7.01800247e-73,
        3.08619373e-70, 8.84490051e-74, 1.96762820e-33, 6.06908845e-36,
        8.37004369e-35, 1.07532474e-33],
       [5.58130540e-35, 4.18620217e-39, 6.45387374e-74, 2.16577931e-74,
        8.84490051e-74, 5.90028528e-74, 3.29237307e-36, 5.35302923e-36,
        5.27528644e-35, 5.12305100e-34],
       [9.86796214e+04, 1.40153766e+02, 6.12228338e-35, 2.99639452e-35,
        1.96762820e-33, 3.29237307e-36, 7.40291876e+07, 8.64553210e+06,
        9.68173685e+04, 1.86563806e+07],
       [4.68688185e+04, 8.92490130e+01, 9.28087907e-36, 2.68646670e-36,
        6.06908845e-36, 5.35302923e-36, 8.64553210e+06, 1.93915402e+08,
        4.53840376e+04, 2.68953798e+06],
       [3.29236352e+05, 3.88198959e+01, 1.01439649e-34, 5.01963705e-35,
        8.37004369e-35, 5.27528644e-35, 9.68173685e+04, 4.53840376e+04,
        3.68756421e+05, 5.47005722e+06],
       [5.58147884e+06, 9.30468912e+02, 9.69132522e-34, 5.91998883e-34,
        1.07532474e-33, 5.12305100e-34, 1.86563806e+07, 2.68953798e+06,
        5.47005722e+06, 2.51816887e+08]])]

 max variance
[555113474.6046406, 68558926.39126612, 251816886.92148653]

 cost matrix
[array([[ 1.91355673e+02, -4.30341435e+00, -2.36315880e+02,
         3.31198894e+00,  4.02415585e+00, -3.98495488e+00,
         3.41887564e+02,  6.15357771e+01, -5.81210414e+01,
        -2.71593613e+00],
       [-4.30341435e+00,  1.29148290e-01,  7.50417434e+00,
        -9.05280040e-02, -1.08811791e-01,  1.07791914e-01,
        -1.56530750e+01, -4.55416497e+00,  2.91074774e+00,
         7.18275446e-01],
       [-2.36315880e+02,  7.50417434e+00,  6.96930241e+02,
        -8.26574528e+00, -9.81615532e+00,  9.51109180e+00,
        -1.78531784e+03, -6.18480364e+02,  3.45044260e+02,
         1.06014579e+02],
       [ 3.31198894e+00, -9.05280040e-02, -8.26574528e+00,
         2.70672823e-01,  2.38032763e-01, -3.28980988e-01,
         2.14569945e+01,  1.13799547e+01, -4.43200216e+00,
        -1.79585115e+00],
       [ 4.02415585e+00, -1.08811791e-01, -9.81615532e+00,
         2.38032763e-01,  3.81636587e-01, -3.69008744e-01,
         2.53807271e+01,  1.32668133e+01, -5.22550067e+00,
        -1.97316175e+00],
       [-3.98495488e+00,  1.07791914e-01,  9.51109180e+00,
        -3.28980988e-01, -3.69008744e-01,  6.01614362e-01,
        -2.49066348e+01, -1.07654783e+01,  4.97985501e+00,
         1.73076764e+00],
       [ 3.41887564e+02, -1.56530750e+01, -1.78531784e+03,
         2.14569945e+01,  2.53807271e+01, -2.49066348e+01,
         6.21523471e+03,  1.13830482e+03, -1.11958188e+03,
        -2.19161026e+02],
       [ 6.15357771e+01, -4.55416497e+00, -6.18480364e+02,
         1.13799547e+01,  1.32668133e+01, -1.07654783e+01,
         1.13830482e+03,  3.33164293e+03, -4.50226369e+02,
        -4.83839187e+02],
       [-5.81210414e+01,  2.91074774e+00,  3.45044260e+02,
        -4.43200216e+00, -5.22550067e+00,  4.97985501e+00,
        -1.11958188e+03, -4.50226369e+02,  2.35490655e+02,
         8.49981080e+01],
       [-2.71593613e+00,  7.18275446e-01,  1.06014579e+02,
        -1.79585115e+00, -1.97316175e+00,  1.73076764e+00,
        -2.19161026e+02, -4.83839187e+02,  8.49981080e+01,
         1.33467235e+02]]), array([[ 7.80342204e-02, -1.43470963e-03,  2.79991372e+00,
        -8.63288863e-02, -9.74408881e-02,  1.36402958e-01,
         1.90057264e+00,  8.13090013e-01,  2.86169967e+00,
         7.45765408e+00],
       [-1.43470963e-03,  3.68782596e-04, -1.10436859e-01,
         6.26756634e-03,  7.35601214e-03, -7.01871834e-03,
        -9.02150884e-01, -3.84212828e-01, -1.03198405e-01,
        -5.28597523e-01],
       [ 2.79991372e+00, -1.10436859e-01,  9.36445770e+02,
        -1.28153702e+01, -1.54821728e+01,  1.45379965e+01,
         1.96871553e+02,  9.97746325e+01,  7.16294624e+02,
         1.57935083e+03],
       [-8.63288863e-02,  6.26756634e-03, -1.28153702e+01,
         4.36411211e-01,  3.79448186e-01, -5.35525060e-01,
        -1.40125754e+01, -6.40568145e+00, -1.09392883e+01,
        -2.78884600e+01],
       [-9.74408881e-02,  7.35601214e-03, -1.54821728e+01,
         3.79448186e-01,  5.97263036e-01, -5.89444933e-01,
        -1.65807328e+01, -7.51822358e+00, -1.31880778e+01,
        -3.32425038e+01],
       [ 1.36402958e-01, -7.01871834e-03,  1.45379965e+01,
        -5.35525060e-01, -5.89444933e-01,  9.75267946e-01,
         1.47882951e+01,  6.55270374e+00,  1.24047659e+01,
         3.10583016e+01],
       [ 1.90057264e+00, -9.02150884e-01,  1.96871553e+02,
        -1.40125754e+01, -1.65807328e+01,  1.47882951e+01,
         3.83790036e+03,  6.21112556e+02,  1.67574327e+02,
         1.59945525e+03],
       [ 8.13090013e-01, -3.84212828e-01,  9.97746325e+01,
        -6.40568145e+00, -7.51822358e+00,  6.55270374e+00,
         6.21112556e+02,  1.61205262e+03,  8.37196182e+01,
         3.35460655e+02],
       [ 2.86169967e+00, -1.03198405e-01,  7.16294624e+02,
        -1.09392883e+01, -1.31880778e+01,  1.24047659e+01,
         1.67574327e+02,  8.37196182e+01,  6.24670160e+02,
         1.31912011e+03],
       [ 7.45765408e+00, -5.28597523e-01,  1.57935083e+03,
        -2.78884600e+01, -3.32425038e+01,  3.10583016e+01,
         1.59945525e+03,  3.35460655e+02,  1.31912011e+03,
         4.41473607e+03]]), array([[ 1.71803299e+02, -2.14909379e+00,  1.31984970e-19,
         2.08375197e-20,  2.05482255e-19, -1.42048585e-19,
         1.33137624e+02,  4.88635654e+01,  1.61690007e+02,
         7.87242671e+02],
       [-2.14909379e+00,  4.55022608e-02, -1.13129036e-21,
        -5.07876376e-22, -1.42178310e-21,  1.52936935e-21,
        -7.94485301e+00, -3.19906231e+00, -2.11628070e+00,
        -1.34359693e+01],
       [ 1.31984970e-19, -1.13129036e-21,  4.13523257e-38,
         1.19351091e-38,  2.39343431e-38, -1.06959633e-38,
        -5.34046839e-20,  5.63042892e-20,  1.36902150e-19,
         4.19116930e-19],
       [ 2.08375197e-20, -5.07876376e-22,  1.19351091e-38,
         2.01923352e-38,  1.54138747e-38, -7.60300574e-39,
        -1.07855985e-20,  2.40780551e-20,  2.48794412e-20,
         3.67607755e-20],
       [ 2.05482255e-19, -1.42178310e-21,  2.39343431e-38,
         1.54138747e-38,  2.55478776e-37, -1.21352620e-38,
         5.04927375e-19,  2.51457128e-20,  1.94552729e-19,
         8.02090345e-19],
       [-1.42048585e-19,  1.52936935e-21, -1.06959633e-38,
        -7.60300574e-39, -1.21352620e-38,  1.69519231e-38,
        -3.91366992e-20, -4.02834949e-20, -1.24173885e-19,
        -4.24616746e-19],
       [ 1.33137624e+02, -7.94485301e+00, -5.34046839e-20,
        -1.07855985e-20,  5.04927375e-19, -3.91366992e-20,
         8.15107064e+03,  1.47159779e+03,  1.31279238e+02,
         3.89855562e+03],
       [ 4.88635654e+01, -3.19906231e+00,  5.63042892e-20,
         2.40780551e-20,  2.51457128e-20, -4.02834949e-20,
         1.47159779e+03,  3.99665234e+03,  4.80819402e+01,
         7.24691231e+02],
       [ 1.61690007e+02, -2.11628070e+00,  1.36902150e-19,
         2.48794412e-20,  1.94552729e-19, -1.24173885e-19,
         1.31279238e+02,  4.80819402e+01,  1.65887472e+02,
         7.77215015e+02],
       [ 7.87242671e+02, -1.34359693e+01,  4.19116930e-19,
         3.67607755e-20,  8.02090345e-19, -4.24616746e-19,
         3.89855562e+03,  7.24691231e+02,  7.77215015e+02,
         6.67113447e+03]])]
